0,289401088507836
-0,0716990670672858
-0,554378854423349
0,70208801306141
0,0703167662540205
0,0378707776137495
0,213400256636834
-1,25871130165254
0,514461562099821
-0,653514320896026
0,0171824880984812
0,738179693543139
0,0515829871227859
0,570262198291851
0,886122173800801
-1,0975927126186
0,842262840113464
-0,0481090411788952
-1,01225367971044
-0,935382750120023
0,744238394337628
-0,179385180978739
0,502285161047987
0,623168591041288
0,737882856448528
0,477301850125625
-0,291900009368035
-0,110104289596361
0,769397214724944
0,736003396774327
0,770158870079679
-0,18543724436654
-0,876508816728203
0,839753334721261
-0,309989538503341
0,58183002341962
-0,177289280811383
-1,01448093555177
-0,423872251685598
1,14284024076581
-0,897220926020461
-0,150178303160962
0,657198050981479
1,04797244895028
0,0933930933301138
0,158645781161248
-0,683239103106377
0,735730722972118
0,168334762466967
-0,566523296651919
0,785696871109287
-0,884474194819625
-0,806586391989604
0,10902785204493
-0,0547378810930184
-0,647779165796275
0,464266591744361
-0,320849409105897
-0,977904938520698
0,75692599508366
-0,760631086049153
-0,488090189711223
-0,45024186697273
0,571897266040134
-0,365683640058005
-0,623525639820623
0,501356573543212
0,0761688338016016
-0,165345877951638
-0,563000057620462
0,445194540286993
0,772013308374217
-0,562178675524303
-1,05029251065795
0,822088077211915
-0,185339763646004
0,153676799248565
0,653781643131656
-0,039794318638035
-0,565827681673984
0,310776601222043
0,129392163873296
0,480407821183871
-0,118535892718675
-1,20325962619988
0,869024132608308
-0,414433793640337
-0,130614848213052
0,0592266000151758
-0,805204328990171
0,92399199117161
0,83083937029859
-0,98233225475174
-0,113830222335565
0,791892507016609
0,715057981999152
-0,535201051987336
0,942306828658239
0,216016085453339
-0,526748806949122
0,737951111857757
0,251655730070386
-0,246359864830207
-0,272733742963864
0,0573353809571524
-0,959898275304538
0,625868686300641
-0,861204745183328
0,193760473837033
-0,878425971548271
0,356232112905119
0,873177524597001
0,856998902036082
0,423457255223268
-0,57467698323001
0,160773416325513
-0,0469831902242213
0,528387307125334
0,754109641646697
-0,20911516138535
0,866904032354664
-0,637295475992046
-0,983057766213574
-0,360141548961467
-0,486992048792072
0,614355169988403
0,754345563125957
0,547582983759969
-0,773131799778497
-0,866551742826845
-0,706043069113997
0,175512324634712
-0,628995581357272
-0,577977723245499
-0,181948361537395
0,997624728827563
-0,712425505317544
-0,299079922247424
0,987027896712546
1,16208854680385
-0,660600056867784
-0,709886831231679
0,93382790871986
0,0850890373174104
-0,0999402995711949
-0,918435578677146
0,930327345064651
-0,616578373970686
-0,773381295210193
-0,165553508578265
-0,126105303286063
-0,26609411782539
-0,685374459107777
-0,665949230407412
-0,441234525552937
0,233510941750189
0,0269036021397142
-0,73879527259343
-0,709745815636843
0,17371331322044
-0,714243838430496
-0,921714297459328
0,911927054595168
0,0603122166638785
0,827617097565726
-0,819280211729594
0,502173105954273
0,430908062230287
-0,264045023019177
-0,515133595348935
-0,287714701334225
-1,02529973267633
0,287951901521712
0,872151930116514
-0,10702125388841
0,226862061598313
-0,578118488638978
0,0102364443269136
0,774876730973431
-0,481902157911351
0,672303784630214
0,29594943003262
0,178086596382502
0,418014320080732
0,335549438994168
0,290784150963083
-0,0776170739334157
-0,932296396201614
0,815675116058288
0,442805050612802
-0,237088767456398
-0,768779610176002
-0,413535055431321
-0,477115838544963
0,678692381679403
-0,982553299508315
-0,541151981587127
-0,115420640965654
0,110035473997721
-0,342156230165696
-0,508786218652465
-0,552802203560796
0,871861961760959
1,17795215258618
1,17082400333136
-0,399198999484013
0,496347317278598
-0,324163022519113
0,547814089591798
0,140968156097836
-0,0901480467090779
-0,986311812038632
-0,895323102946809
0,899487864470197
0,882529950829098
-0,212699027175836
0,0266274600388507
-0,597167742731665
0,67718109142056
-0,604902699496971
0,0505269680595759
0,581892545431197
0,691228824706949
-0,037613113704384
0,691205217359217
-0,471353404909071
0,5299709688546
-0,0271223657890792
-0,953963494838198
-0,200463832915045
0,0372809409337496
0,533233589275383
1,03075033054935
0,174201077847764
0,865970437763834
-0,0522904765085273
0,170679959380585
0,280265279069993
0,688684167378529
-0,615180363509849
0,72594558743332
-0,705820758304649
-0,397450819180558
-0,0969030817363602
-0,270961048827412
-0,4731745057571
0,907669931648196
-0,018163410872245
-0,283649910839112
-0,377875488893071
0,0523153827769287
-0,913234284107217
0,159816581364636
-0,426797472604922
0,399506907630482
0,114171858464448
-0,0682319770884849
-0,380955346571726
-0,710893068327984
0,39850986814057
0,151491935901107
-0,465466649953959
-0,517635993434878
-0,313218219817252
-0,98449031885696
0,32439687762038
-0,792666829875516
0,366675671652862
1,08218023728176
-0,363573001536658
0,667014350069278
0,979725547674036
-0,24060598632349
0,0706762434312498
-0,246540220103478
-0,135645552135839
-0,146916154374795
-0,0902239685366973
-0,253717627028803
0,083717818876597
-0,328590861211537
-0,273679199770946
-0,791054141199119
0,282176347955259
0,53941089016378
0,0979382683162759
-0,550587113554303
0,126784763081869
0,805440357793132
-0,169869779703218
-0,889904539569579
-0,382290446003056
-0,364074590021579
-0,63839853602168
0,578590476872303
-0,0204270810882297
0,973114550098634
0,92535383109618
-0,415062031956296
-0,0805642852915749
-0,78649214149735
-0,102879026196049
0,0718833047268387
0,729994288709517
-0,113381085213515
0,120223128212546
0,348535226505032
-0,713219658511671
1,06341028759842
-0,545509444473399
-0,749975654139122
-0,830571542797824
0,872762280457077
0,205389112795419
-0,211403128323799
-0,544078909579701
-0,721994195003991
0,0584520125102495
-0,060439004125278
0,122422035374875
0,0507830423539426
-0,209882014994455
0,425091452628882
0,0391324316333665
-0,440588243976509
-0,0813671830489148
-0,0114462222025945
-0,4547844070265
0,510654065821095
0,404816790592131
-0,0261004356216187
0,156119972832213
-0,479076082729693
0,604449107923438
-0,348663600748663
1,00765153168969
0,69968341928892
-0,742733641407794
-0,520134500004414
-0,47280551654883
0,623143522824693
-0,715723330022638
0,576308913331623
0,208791755702715
-0,400211604966611
-0,833564890020396
-0,16089876660967
0,496610545227635
0,217771654882562
0,194096551192364
0,0468298901990213
-0,41610050248402
0,0165390227973075
0,540847573666225
-1,03719336779506
0,489464121541737
0,116796583755513
1,10417803783383
0,515845308969285
-1,24385322064011
-0,76852747694055
-0,217843890757227
-0,47894130716051
-0,684877215737885
0,582416419676699
0,302608043561973
0,744735614277765
-0,812348731706081
-0,514438532707083
-0,171421366903836
-0,222598804579862
-0,781620550041254
-0,177745947385478
-0,668295391816168
0,488214845571818
-0,0860571618694559
0,213809071673923
-0,783700303073833
-0,499159821075927
-0,576273399207868
-0,968050102688395
0,350207586470157
0,119634043946692
-0,478591862823158
-0,466214048427629
-0,900430355174667
-0,996562911195943
-0,232841241747533
0,674722693709062
0,0312002985883506
-0,464391411964033
0,742928424730398
-0,240010651114931
-0,645351349756925
-0,683114515319521
0,0386274171368636
1,00688551723773
0,180524224829788
0,615311669047652
0,383120674901284
-0,609050459046406
-0,300968348654438
0,0953571447615311
-0,502800256713666
-0,709564163214324
-0,049905434739732
-0,725420117250374
-0,457323631950339
-0,989180893632202
0,243881946077515
-0,582609304032572
0,108306780973592
0,455914815634449
0,016122829642204
0,993463779796597
-0,118735063410706
0,724018207620176
1,03040051041089
0,733755146440593
0,341111128751752
0,0913610606136691
0,124999899300607
-0,411075546880193
0,242521850229057
-0,607226782295493
0,013309246400981
0,203322518245933
-0,875865310372722
-0,883355447968168
-0,341708901031739
0,00328839523870883
0,952622942604415
-0,467503218372651
0,165352797132441
-0,946059415872703
0,530558249520985
-0,501482018191515
-0,458227603579362
-0,780091366587199
0,731127852066066
0,824989762075706
0,460760720754396
-0,243660348115331
-0,569159252368454
-0,386190397379077
0,427301807062375
-0,712986390904051
0,801294098515666
-0,539011956909211
0,414457023802426
0,17846534828584
0,763567421475224
0,479849296379764
-0,85647143882535
0,936513254389406
0,413372684928296
-0,809828360188002
0,5145151788881
-0,921991636378565
0,333030947840024
0,782629692969948
-0,782793667842062
-0,509035972425586
0,23069757540519
-0,7553378861099
-0,604285464533052
-0,50803574188695
-0,753336796686973
0,0192034157592794
-0,272693327133857
-0,308653293562746
-0,0817426673586235
0,830174397595578
-0,771604598874113
0,610275326526509
0,696674587903905
-0,986572690003617
-0,77048912977138
-0,0260249761086056
-0,303795487106178
-0,273704362694968
0,402028419730267
0,663146646536489
-0,297812471770594
0,479825750682422
0,239720973763485
-0,52722635377535
-0,553604200274499
0,271215136114544
-0,480398797734069
0,167978693494097
-0,131077951520596
-0,238324684821609
-0,12681619423325
0,825855672319403
0,821981034707321
-0,0226986745362337
0,304008471840822
-0,788589278918501
-0,653318147187148
0,152586927088793
-0,98440714100147
-0,193115338266365
0,947878975014198
-0,269385050351044
-0,961425588994194
1,0160526904925
0,479843853557066
-0,270660911501151
-0,982558883853833
0,181071813809304
-0,748548284438642
-0,310342185520987
0,06990189704363
-0,475587208880729
-0,599352015260602
-0,476843807458528
0,790605426824012
0,9376344682737
-0,120957854919025
-1,44235303072886
1,0113126110351
-0,468039579430056
0,76844481714097
0,160092570642861
-0,0484403465321015
0,332287509499244
-1,12384033469684
1,19765684499958
-1,09953908572679
-1,58491528461299
1,75996481292662
-0,372532785770845
0,430054376733528
1,73474888893745
-1,84154475624408
0,308937878252292
0,0443773131691306
