-0,634923752702714
0,293562465046519
0,23373664763668
2,6235564972386
0,738145035702241
0,239447727477687
1,64193020492478
1,00740894629425
0,520821938232588
-0,10104626887494
0,319263366136656
-1,61113192589499
-0,0442914865881282
0,358888132854625
1,01116989276041
0,378541907831495
2,11549245295394
0,44002961594922
-0,247623706906721
-1,13358905402331
-0,840571015564678
1,2397297941274
-0,161809169528589
-0,762964618037089
-1,15656019847146
-0,359905467299703
0,386269628841206
-0,081660382624743
-0,424097243981317
-1,00214237756714
1,63050676070592
0,692634091691982
1,43424182494053
-0,763650171615553
-0,985155017248567
-0,62577969250083
1,96904221633954
0,647915486650682
0,260394216762702
-1,62280876703779
-0,521172615739024
-1,0198516151129
-0,304486095151579
0,540273722040673
-0,167093333830899
-0,280250805895882
1,69007540492473
-0,542259680422647
-1,16651945763604
0,028512560991859
-0,661841200285273
-1,18798076415802
2,10403012028946
-0,148537017955
0,664260450326246
-0,248283222315847
1,54868179788376
-0,34850704689049
0,909327466236612
0,497110779217959
0,839249489782558
-0,349890836333885
0,239093269959033
1,11468250474583
-0,456165806074306
0,039148781033001
-0,0650686978825947
1,99448019603309
-0,173465854195746
-0,233642925706603
-0,0358449294975576
-0,430528212640672
-2,17798900838627
0,397327652746932
-1,74199498060204
0,0416165775332257
1,25776577915883
0,847778014724321
1,2947210307611
2,71124652817184
-0,261548431547542
-0,183039135661676
-0,959166494870326
-0,758275545600144
0,394511866003349
0,80926767922232
1,42856552210249
-0,538308112340494
-0,661122486791476
0,973749464995136
-0,327413112787838
-0,200740833365323
-1,84835616193518
-0,16318416356404
-0,948595181500399
-0,305158020138068
-0,510365920677272
0,856235832634409
0,3920777693042
1,53653175174629
1,23554327299738
-1,00448410243531
-0,480092674924261
-0,960619612385556
-0,865960338768994
0,260285797637588
0,964082477373142
-1,74885947254519
-0,248676530206688
0,262854514099608
0,373186339286742
1,11645197796065
0,22282998788417
0,0906517216410083
0,887239937601472
-1,09668032167383
0,350217648466379
0,437061651164586
1,33215456396499
-0,140197492754514
-0,372858513812846
0,0412370992405338
-0,956593917743337
0,691326625220828
-0,97372632401257
-0,0424417683525382
-0,485397672230429
-1,0606860510737
-0,225535172270265
-0,829838815651563
0,214050760627987
0,0736810589493908
1,69151844236418
0,0343840774143087
1,77800697000685
-1,25700032415534
-1,1484449959869
-0,447058398096313
-0,49771229769407
-0,368687564170078
-1,43232423427519
0,786399836375367
-0,377128942953093
2,34942960165547
-1,06135268988614
-0,7270494858409
-1,45971885211344
-1,72634044664853
-0,624305949564412
-1,51020209874237
-0,384728368537378
0,260095255465021
0,211464284962106
0,303193600205029
0,781497290442987
0,0267865253208964
0,623216762268711
0,769369299465629
0,97880546391082
1,48163408424896
-0,84009460034335
1,02025061410023
-0,192123308606684
-0,441634722493722
0,678933049559909
0,0293916686655547
0,202329705477644
-0,914421398926708
0,697479886862332
-0,502994225512213
-0,793962830378171
-1,06425056392518
-0,322631387823947
-0,0532631367464676
0,018018745714383
-0,813048871111939
-0,999017506769627
0,00253632805727684
0,589223279566956
-0,595984302947741
-0,59706831057425
-1,28178519807333
-0,71665438733212
0,00314180127022155
-0,440075265889334
1,10313239096361
-0,361065261199911
0,665834819459399
-0,481049362664155
-0,987619907587689
1,09185285658948
0,0387757579828426
-1,3937235914199
-1,23090346542886
1,3294231511839
-1,00829985613817
-0,205770005806239
0,48384385919096
1,37297035395386
-0,150350639335736
0,348611424036447
1,67629096450684
-0,835978741120364
-0,741494795986852
-1,00692105154951
-0,449157767005089
-0,35988725177598
-0,404954577066084
-0,507498998858271
-1,48992125664217
-1,1484026325697
-0,177458262174337
-1,02936054434551
-0,112860829449792
-0,522339153844458
-0,0496621236701404
0,583498722716259
-0,41261736908684
-0,0829346681278914
-0,381181694580947
-0,283243194485851
0,0120378457113723
-0,868729944581591
-0,335187201279014
0,726047101217573
0,848811035212478
1,10578162998719
-0,376594390978067
-0,907738621692263
-0,423597013510263
0,971629171220992
0,0153199539517703
0,92353419649905
-0,928460796638296
-1,1973986568656
-0,707527734089594
-0,131498090439519
-0,2054632996507
-0,280568918483649
-0,859304802458746
0,466493605658313
1,5129792096208
-1,04249495127466
-0,947215823216829
-0,882091695609358
0,771082720672369
-1,25386507040949
0,0225445632675901
-0,584645107455486
0,703364423703708
0,718358976958409
-1,2275873055044
0,608928594319264
0,740823376961981
-1,3389937762989
-0,278142273441402
-0,669983026051721
0,414988666586595
-0,587686136245545
-0,391434553169028
-0,233457176469724
-0,395591656563869
-0,973707116542116
-0,531026235432593
-0,705185613280272
-0,35694139469409
1,84148441378372
1,70452029490823
0,792571248426047
-0,031766580987828
0,28990832261394
-0,167353292639869
1,07919824146184
0,574934927040627
-0,687039618784996
-0,646770998561211
-0,822987119910169
1,36957865687966
0,186881364350039
-1,3702448861971
0,229288158889987
-0,280791865091275
-1,17087627484189
-1,36720443469704
-0,580369236619406
1,04953479436791
-0,625619873134507
-0,961758387447202
0,399976804925544
-0,803788126908727
0,200496523594347
0,0661985112785111
-1,29002301007175
-1,2630772836963
2,22661928309319
-0,966319839620904
0,93625621520389
0,757365000519705
1,1392505397702
2,12578251174584
-1,29236794259731
0,215615385852318
0,300140367777314
-1,27307353880404
-1,20901515943636
0,570545845802595
-1,21579322681818
0,452921597818738
0,543804832471591
-1,53059372147131
-0,376154049178596
1,5152510669735
-0,510338422831836
-1,20510340843302
0,490836714973946
-0,418825399243477
-0,214620869169194
0,877448555165101
0,822380039944444
-0,254915908435218
1,1650915398124
-0,865101067512694
-0,914546007835637
0,595732730393947
-1,05255029380411
0,297158704572425
0,765862897200572
0,0202555660092935
-0,959069199190881
0,929502883111976
0,222252527652232
-1,2224660398852
-0,23007551366233
0,0515598626837094
-1,20795603323385
0,0507683771805772
-1,32778673786481
0,42426979096718
-0,283183567028026
0,428235432544316
1,62330308596668
1,59626666572935
0,0435428299590765
0,113380098673443
0,402671161694575
1,09721690492877
0,512442751751012
0,49621432994886
0,168750239105803
0,162140808977027
2,20525963255027
0,393328409175301
-2,34937193062642
-0,220872618411953
-0,460272286228341
0,244892178628462
-0,945854969425669
-0,580193765018127
0,294296123275551
-0,818917763751164
0,160131116525568
-2,10998839737892
-0,612058434221449
1,48916672600704
-0,23680431647154
-0,389605736108102
0,0828081713089586
0,00599316377286939
-1,30921290824445
0,903450401893643
0,117844960360178
0,919178844581097
-0,459367616443046
-1,017876892713
0,782969388744446
0,399665256204323
0,495604876778894
-0,0802266957056018
0,959402485015701
-2,16532710238442
-0,00116452678348607
-1,22640502075797
-0,888445150715207
0,678426130673471
-1,12351913024565
0,716810427964992
0,367293386355943
-1,56446139811949
-0,174741841956368
-0,169461619392859
0,800918180718605
-0,843894356144382
-0,428721204195016
0,398953624175482
-0,170476178308865
-0,150820141029418
-0,696865273776346
0,606421112109463
-0,000726629789080563
-0,073239118143627
-0,949916976779306
-1,58667053410267
-0,741271693597381
1,68589378473439
-0,441977303507579
-0,567236766258149
-1,54226435754737
0,140763186372678
-1,0225704549314
0,0704222527201203
0,477777420616732
0,980303067922531
-1,24293257737321
-0,476436669742433
-0,00176815169050358
-0,241419063461037
-0,644323359750005
-0,954513270841427
0,970682881351348
0,360903546463821
-1,00069381048557
-0,350602556407012
-0,999577957399526
0,374396615787016
-0,667189292814295
1,07282273855396
1,12654718357459
2,82938164483241
0,0726568359969842
0,188846986879193
0,359584997621886
1,19776384243931
2,21436988535937
-0,908369619026249
1,3195620607967
-0,650344416211132
-1,77461936969734
-0,497436312343678
-0,723325332853767
0,548582368296828
-0,197922211758865
-0,0491446688344845
-0,347039190027688
-1,04990287564873
0,33635783430753
0,535596511805781
-0,931617301803269
1,23661993186916
-1,10844361063665
-0,686798433108225
-0,178466718117979
-1,36840294574705
-0,983488255754573
-0,0253621552395707
0,563228800688725
-0,375716839831179
-0,279606486444862
0,213713907526742
0,554854640749381
0,392040233273265
-0,0128133629237363
-0,449819362274213
-0,657043576609322
-2,35076669028289
0,420068914739824
0,653411841350353
1,32707922659583
1,06560154099991
0,425336562435233
0,577118596415115
-0,752423377419629
1,01253583739425
1,61432179326195
0,713411037914821
1,43617749833451
0,423627146083072
0,211430483538691
0,952010853631121
1,11147036743389
0,535091849924354
1,53539117578012
0,580949445669595
0,40568439457225
0,802382698969886
-0,142546309338982
-0,900810321748242
0,283680309051619
-1,1336048380445
0,199891362641665
-0,604602090298247
-0,820975005235083
0,0687101716143903
1,08870736104586
0,240126719338128
-0,0765891802468024
-0,329007640598835
-1,11278921868631
0,133891093841531
-0,0586820539063964
-0,767330125870391
1,31443253183894
0,590993796243204
-1,42396647725413
0,786560001889777
0,489767693682968
0,434173802604485
-0,228879443089285
0,823249474223331
0,106672480425871
0,346210409738465
0,367524576554276
-0,349234188798672
-0,183964307102612
-1,10835391934925
0,141459038628368
0,0192998782500259
1,08132733267456
0,866156065359191
0,432857688104749
-0,160246333846477
0,564372789678175
-0,932442779066787
-0,761688844073073
-0,534222544675106
-0,326078252587708
0,0114453382448152
-0,858486399253159
-1,43073283420064
-0,267740869961665
0,026234670797955
0,688272285696546
2,6322491832335
0,31335950152404
0,479532614219846
1,19034788104641
0,425804591459403
0,0136755896237167
-0,362109411799574
0,571590102032325
-0,198441027321599
0,920658830199484
-0,163069718716683
-0,196475054383156
0,187137021232379
-1,07822073247203
0,784194452449723
-0,383227372154951
-0,394106732626778
-0,692379447761297
0,648391944208149
1,21479032298459
-1,2168115791617
-0,259574488819226
-0,316536784483682
-0,306972165665302
-0,854320845761627
-0,754847622839978
-0,187918087934174
-0,397912955641646
-0,0174598087202402
-1,19448550531217
1,58564865698559
-0,326110413325253
-0,848865688615843
-1,17625581285901
-0,470609538690806
0,331910320933341
2,44013577773706
-0,511440829808632
0,295551982864543
1,05782964952742
0,398823207444149
-2,56432649382397
-0,107576376513569
-1,48964985851118
0,219529704323512
1,32761774563237
0,0891671179619347
0,244305967908654
-0,125067963931314
-1,9056276930766
0,0769647467954351
-1,33252995419052
-0,263949934372777
0,232545513448386
0,128964903062334
1,53614835517542
0,542261232811866
-0,974401971421398
-0,711109286718348
-0,36115934249978
0,365261540765992
-0,294628528573329
-1,25028094344437
0,970010845061683
-0,648175650624944
-0,35391347304151
0,0514832360798757
0,796320295795879
1,72627082035367
-2,01090833270052
1,53360960016423
-1,0872182166965
0,486427695864751
0,141797482514305
0,289896781758403
-0,560777888919588
-0,336483010750197
-0,689926807530573
-0,892029596503482
-0,485433682226345
-2,06763694873589
-0,512479687635065
-0,371084886234171
0,851754886506842
-0,304609096368721
-1,24477031112292
0,74704507320972
-0,014888812532541
0,633182884861652
-0,0470564362891179
-0,446196387624963
-0,367172691131546
0,0962556446138027
-0,744351951325069
0,285292385962957
0,146475898642557
-1,15534404176702
-0,961847396987409
1,80953528351065
0,57890690467538
-0,817944368548226
0,34054345210557
-0,0447501562413969
0,377156909823273
-0,796287055326763
0,810987688494847
-0,28495031816533
-0,57560175454358
-0,863949850393468
0,173017798880559
0,128971236030641
0,336384182573942
0,0261506469453329
-0,581406612334333
-0,280625166037947
-0,312754982918731
-0,44891786124071
0,0961995220490366
-0,78186780989141
-0,57923645010093
-1,08915464634295
0,307769899499734
-0,75395986520107
0,355468847899849
-0,107855222202797
-0,191220954935055
-0,145282031801368
0,224163945339529
-0,66668174687019
0,236347214651525
0,466036152831192
-0,87807959509114
-0,292928445628032
-0,864737776664714
0,915627425350589
-0,819290757677519
1,69042791501279
-1,09982543804388
-0,403477890365349
2,07325742257285
0,795662833278263
-0,444482274799847
-0,905107497622961
-0,535361996809083
-0,0258027349555426
1,31555529623616
-0,134634097344896
0,375481716777754
0,00251128719537273
0,454471959283817
-0,968322983545641
-0,439793301769525
0,0153367563648272
0,352088950024826
0,312584160246304
-0,851326385663606
1,87520757063245
0,530479634805754
1,34543393689533
0,156337361506216
1,02134256104244
0,128405673586667
-1,20555884815024
-0,371525093155235
-0,961937642597271
-0,0923568888910374
0,212859927566596
0,997073795493215
-1,88829894983789
-0,052300837372844
2,34737105739538
-0,313884895293401
-1,28827339468321
-0,914115640188209
-0,0538662113075553
-0,379858697863631
1,49721522881461
0,548068997464032
1,29829534310865
0,687773555122496
0,294401647596552
0,565471204778888
-0,0901554638973614
-0,2017947501334
0,0488906838263857
0,770785091951607
-0,366926237274772
0,532232912602568
-1,29690855135955
-0,406328251607365
-0,282367046036751
-0,202537675318622
-2,00819513966731
0,13643266219114
0,450575906677896
-0,818429909337849
-1,50784141334152
-0,480965042751242
-0,788865633189934
0,418606453474515
0,600038352552374
1,04500531153199
-1,18172151552167
0,633150551764782
-0,0503516689911504
-0,582423793335511
-0,521080951395152
0,747195496624803
0,056290618977538
0,736798263548986
-2,30019484436993
0,27593020528049
-1,30280338514899
-0,463043836598278
-0,100371060421145
-1,57614918007325
-0,640431065838079
-0,457456709182287
-0,880340990188018
0,244651995703689
-0,0602474815533282
1,3600520637903
-0,900513973574296
0,57991928102935
0,274107668129642
-2,32040277532401
0,100510560885467
0,0912831758437265
1,50245035105631
-1,73630706053477
0,361135855385881
-0,130890639878213
-0,0671372819272375
-0,345860680509811
1,21512120703056
0,728792845762099
0,899154272362449
0,588635637230209
-0,382003223381641
0,328685451885326
-1,08431249222222
-0,643514305736491
-0,926075945925317
1,19074679135261
-0,616597868978464
-0,255587587442689
0,590109621342214
0,945711158629885
-1,11758626789363
-0,335723929130496
0,567757862534724
-1,00447742077963
-0,925212636129965
-0,132531989219941
0,210902769927477
1,24557710802776
-0,88953640833403
-0,655954583419215
2,00697626180434
-0,205564644580211
-0,746319657083852
1,43961652425629
-0,802492862668887
1,16372365635175
-0,124388713393534
-0,524477708143845
-0,593582959009576
0,345447416213299
-1,2389337512911
0,526403569398249
-0,16545228736997
-0,7025185837218
-0,294204702503301
-0,163895201754411
-0,148144397658831
-0,346263320541005
-0,433283337237126
-0,328447582168615
0,100690810672481
-0,724407845217183
-0,362952542504886
0,770462231526842
-0,762562851797665
-0,739865372145797
-0,0228382163880486
-1,32490253336404
0,123184178090336
-0,413101103019395
1,06224810868367
0,134856411678714
0,801529444668869
-0,305150293052818
2,53510104706652
-0,0307429097188443
-0,655652148970162
0,647490638479006
0,33022796350901
-0,750439328819527
-0,714257444679293
1,07748709359668
0,368093171753274
-1,48003461302767
-0,404923902402713
0,73734924422626
-0,0243062787787856
-1,05625790055287
1,1840386807588
0,684678145401047
-1,05503935391147
0,836210378393668
-1,12533111880669
0,129603625132207
1,50039797387454
0,612814217263806
0,865357515333882
0,180298041354888
0,121005182597648
0,555978708835197
0,0747690121594249
-0,875706535149002
-1,84170615030131
1,24081596088723
-0,169543314176984
-2,38671515350007
0,169413153167149
1,32163494902631
-0,162895656768495
0,457052218163618
-1,93719602970317
-0,305424789561555
-0,669667366211772
-0,494342882312468
-0,886064077183991
0,0867830121934515
0,100039316834173
0,256783396224741
-3,10239050410503
-0,421429322471507
0,755559204637345
1,26369381753902
0,803027013212117
1,54035275645279
-1,20184200705719
-0,108121051253367
-1,07103929866912
-0,77046174570505
0,513926148750582
-0,536394602961292
-0,2290604592127
-1,50525298001872
-0,217781498244121
-0,142735115920399
0,227671659387916
-1,18686077090457
0,670180001553689
-0,278975678066418
0,264402928016196
-0,359760276023023
-0,391066536534579
0,690150667633221
0,398570207220075
0,826842420908301
-0,882531621746155
-1,32005901919841
-0,0299263640720059
1,77363220510502
0,308438514817992
-0,584019717618947
-0,136185004583463
-0,443052999942318
-2,27921004672561
-0,68683293749244
-1,55804851165282
-0,264353761466191
0,864419416731351
-0,281449195472382
1,41142114798578
-1,01409336437841
0,809166278735994
0,63648512062384
-1,5525917469969
-0,199935476242968
0,117112840382509
-0,886880609613097
-0,336236789059168
-0,929293328840758
0,302764256586406
1,08374636665021
0,915134180558303
-0,407374099915616
-0,304795893991721
0,0433778575512545
0,00733662182212174
0,369713807923797
0,275748210718656
-0,444014686181762
0,209318523157087
0,565211725453126
1,24881771392099
-0,251800112398379
-2,25975894878622
0,574742400400018
-0,000346684412720647
0,467262434803
-1,04865454275163
-1,56719195309021
0,0120901708405859
0,0334579403418588
-0,786425173579517
-0,0376420672582569
1,65761914928263
-0,543701784676021
-0,720770744845953
-0,772824723061747
0,326280818472391
-0,160982796662351
-0,647734273842381
0,426312353992428
1,12714307586163
-0,172426604626099
-0,461590870765921
1,08235232507036
-0,807869442660432
-0,0546345692417091
0,720868899131714
-1,11984487704529
-0,595160421410388
0,263557885625989
0,875843746288803
-0,0287267096758345
1,21570965451417
0,603132810930984
-1,166055787423
0,101784095423722
0,705963936452494
-0,277412223098839
-0,500759484899739
-0,913139703611853
-0,958327651928996
-2,72777459558544
-0,100984819941532
0,748690486564305
0,415522864672357
-2,11047557866355
-1,06671270767541
0,611835351235908
0,0504166670087943
-0,782124555894678
0,144760051323932
-0,163465437503002
-0,112849017192837
0,190084220894238
0,299000262691304
-0,418190853439533
-0,300937513897554
0,981504559338774
-0,382083169651997
-0,848225317068608
-0,484435932983719
0,00318609394104389
0,103781324783165
-0,612690783901033
-0,619855913368229
0,901886881159671
-1,40158192834368
-0,664684610593073
-0,35701888292515
0,936183815926969
-0,488825472567568
0,854896122455417
-0,944652353512708
-0,816620300858737
-0,751644978410675
-0,153402165548774
0,391781048446839
2,17040529101162
-1,71594601546323
0,526305636745345
0,462613770907623
-0,859218478366074
0,800650668180589
-1,52210135865249
-0,910327182266898
0,765393086421274
0,0285253745729295
0,372130001299272
0,380813388615592
0,560043000918646
-0,998915595587585
1,28884198120798
-0,250451283333602
-0,719276587942704
-0,417826563742056
-0,793410835001457
0,982343032606985
0,173578047212765
1,00080217223365
-0,707281368085477
0,114462432174594
-1,04878200706741
1,34346663253989
0,918305961017628
-0,171989355154343
-2,00688627709383
-0,162091452371791
-1,37642273250854
-0,229138201819386
0,801306383483958
-0,121585913902163
0,0258666717861757
-0,718136424662806
0,182851016024987
0,550254630310021
-0,00965604733345586
-0,292158436104077
-1,53588256561884
0,756605179671602
0,401768941151512
1,75739550514112
-0,34178035543969
0,303204996667352
1,66897883701762
-0,613023052242007
0,511874071499119
-0,0919844156640023
-1,61391909007035
-0,839625961675441
-0,205665713004922
-0,329177341977688
0,0116088948118319
-2,37862148441176
0,256760630544526
-1,49501240883294
-0,336332664915803
-0,1749903861896
-0,872453061631509
1,07802813073111
-0,641155010721497
-1,12204081582746
-0,656284381658036
-1,42069348591774
-0,731929778927031
0,0622260861424367
-1,27516364130583
-0,310525347843298
1,9362348574853
0,390053188791973
0,610177280699398
1,10360030625844
-0,980830884954049
0,499480937830698
-1,44656226250094
0,00889079223196972
0,358351082559775
0,705715666395045
-0,629001565023849
-1,28748241025637
0,151657114815541
-0,559025370972708
-0,658425045952653
-0,566703047559349
-1,38994424159423
-1,16237136242017
-0,810951390647461
-1,12663737795669
-0,693275489845158
-0,255151335381979
-0,14857813689925
-0,658783102368332
-1,27991080282943
1,68657539594394
-0,703978883634348
-0,516960493848647
-0,0670102019600931
-0,530424236873609
0,24869877340847
1,19160953448734
-0,776171782755258
-0,0107321144148438
-0,0688415670723502
1,25422256577472
-0,95675513129741
-0,543125166256685
1,00506084659393
0,359166365720192
-2,67698833417811
0,465364114968181
0,774652801011562
-0,64856319177031
0,10019103221347
-0,590847343427902
0,0911447322946823
1,62797862853863
0,610239041173996
0,721150118682537
0,246499699299588
1,05860082220658
-0,578898800698692
-1,60827151952516
-1,29245287704411
0,346722868306194
0,254103391936432
-0,623663911721026
-0,470489379381979
-1,15016450080706
0,00966362418679632
-0,331333291499975
0,719440305086766
2,32048650917863
-1,13637397914381
-0,283806929098
-1,28931270450636
-0,342845754051648
0,296061265860238
-0,0586223000331691
-0,167527738862023
-0,310537153642484
-0,634862083444083
-0,868086284612518
-0,445200589511258
0,873524430512052
0,220205767875206
-0,512900333343799
-1,33108182936445
-0,571054069818302
-0,748351428405706
-0,127630888648932
0,853388381372833
1,41162874018442
-0,788692104901585
0,860687647630222
-0,43285839916174
-1,31976741029933
-0,889842670247695
0,866995914059421
0,555493536268291
-0,712198561045912
-0,0235235685550051
1,18764861100793
-0,0665774546255227
0,184181334561037
0,412883192011038
-1,3645653764553
0,620504054003545
0,492212075547951
2,03551994606079
-0,379472147941215
-0,500361419760358
1,71115005637146
1,22841731808528
0,589407882866257
-0,536481356665891
1,14545857206795
0,492104115671854
-0,0726381417077243
-0,601372199514979
1,75955891293829
-0,747805340249524
0,735659053136608
0,80674515665702
2,16409391399951
1,65255132124147
0,57642446161209
0,128842399405946
-0,298387759108914
0,617332571702664
1,04655349609394
-0,341720891455186
1,41352916765892
1,32494073300091
0,700820563850927
-0,896739285354903
1,34595829120803
-0,87554281856377
0,0249461217787436
-1,5820868625637
-0,748662539640549
0,605021258099701
0,689352284986919
0,190793411659412
0,657850482273308
1,52639900783037
-0,98237673233798
-0,109981203393015
0,349594908223963
0,444854817079064
1,04277415945057
-0,151764938735871
1,77321822387924
-0,569702771303905
0,713438041608739
-0,189152616049214
0,0503655254640875
0,444637891589979
0,166461271567923
-1,86609908478985
-1,11500456289949
-0,483979704249055
0,086441465794344
-0,0448656369377215
0,681886448252347
-2,28148692518339
-1,41383373786718
-0,20568901111393
-0,504238661663337
1,14882985114807
0,988222334758177
0,213309393593291
0,424377876567746
-0,78324815272192
0,674747317163449
-1,4291888819044
-0,604640899097372
-0,0801085679029825
-0,282551145304497
-1,37175083983486
-1,34283689538327
0,484993743062043
-0,268981966764411
-0,273647323549066
0,216501108192426
1,22106121630082
-0,792092970341429
-0,91279378420984
-0,574218077991851
0,415605871023156
1,08189254930654
0,680586152369868
0,840420573496568
-0,919297278238677
-0,500236162513846
0,393586909767801
1,82184621500718
0,32862277062224
1,05560151227084
0,739417048352195
-0,118849364190248
-0,304302379361455
-0,28692046875452
0,51306754886467
-1,68170168333661
0,507829281663881
0,133187667352329
-1,69794471911129
-0,869770147960418
0,686718853306082
0,622702014622812
0,591468316015955
-0,389934947796643
1,21277452611748
0,0662379388162772
-0,0869044884458931
0,154213207826173
0,190526994322808
0,824099272350027
-0,721897488967033
0,94563143690925
-0,601847734679061
0,0323674767172511
1,09451727300934
-0,860942074180745
0,504552268932327
-0,516683545180749
-0,7931206371285
-1,37626906608584
-0,0607318150994468
-0,348059519411565
0,249776744882404
0,206768048038927
-1,58526574048311
-1,74181964668522
-3,80397014235662
4,94589430577275
-0,251457557522457
3,25981753268088
-1,30323735490637
-2,20660568235032
-1,12393045013124
-1,16336980164847
-3,15572570593281
-2,64877901238282
-1,78358774019856
-0,501342356653949
4,20302497951727
-0,13014073030933
-0,356512861298653
3,53858524968958
-2,92795734698604
-2,47796937215238
3,9406275030554
-1,10426166996907
-0,243612300496256
-0,298516847664433
-1,95201030648899
-2,10038470748977
-1,98436343538599
-1,05801696246444
0,790420579373341
-3,02055684242621
1,18023064479556
-1,64500315889963
4,50730732157291
1,65102692595416
0,574114178850781
-3,00231876167447
4,13875752683036
2,12300069392284
-1,96967272307865
-3,10874748544988
-4,43978259248962
-3,37101624608006
2,89252504758942
4,63644727559872
-2,75662352859493
-2,58681643779105
-2,1673911392474
1,58559745023999
-2,31450494767127
0,994981451079173
-6,03879758244651
-3,33120089835748
2,33672080250491
3,02149021338448
-1,61634638743982
1,42827492262126
-3,07851022073169
-4,38944956627952
-2,87212354515144
4,04707915299407
4,87248892830145
2,72301082438163
3,17639875238518
2,570361823739
3,46808603100334
2,42887138841967
-4,47739019185332
1,91514128719379
-3,88577457669758
-4,50145857957757
0,634208788519901
-0,224900200560384
-0,550204750865043
0,442449163206732
-0,54935676348697
0,0332510622754384
0,522571282387016
0,492356046128881
0,408168816369228
0,37535730619306
-0,773954196067485
-0,0783153186449444
-1,01664624410244
-0,781101453530202
0,280420622663755
0,339951679124702
-0,0288087357378398
-1,04872061778433
-0,96920548709472
-0,0592139267921117
0,380391522654518
0,142778785549227
-1,30519400200211
-0,132318173522692
-0,379500842440901
-0,231136120203001
-1,00595272407279
0,332722409238499
-0,483310739005873
-0,693925475868646
0,843428483214903
-0,538659419919266
0,154818745874268
-0,954533794230124
-0,6038360405724
-3,23806388398605
3,89833916012284
-4,87733669378132
2,17434937430849
2,91971247942206
-0,156917702916594
3,91318990887916
-4,96557992266558
3,01612082259671
-4,57567032420807
-2,39655141917778
-2,99920840310771
1,32035740284214
5,27791688120108
-1,38919786819318
2,9019032047061
-6,54338734023772
-2,67168234739903
0,406550533916289
-0,814731707149762
0,340744746335144
2,65639532509586
3,90449485186023
-4,27613101768851
3,75143250849144
-3,2970481892969
0,51928067235533
3,4894532203501
0,481103784920439
-4,76360193589003
-3,59837517368071
-3,86275244782624
2,22739330839861
-5,18299609158717
3,31190178935739
-1,08639750863735
-0,404111093069898
-0,662809515584676
-0,133401188392264
-0,908576937651382
-1,44470963056719
-1,06879347511533
-0,575650454357023
-1,24634345460546
-0,988963571651578
-1,46366030320353
-0,315902991488878
-0,0648067174125646
0,325336113599598
-1,01819208345875
-0,0569493453647742
0,197307122999311
0,277053623735126
-0,278011740421634
-0,0836374106098463
0,473266903224332
0,474693822142948
-0,881227537344779
-0,252499724917991
0,41018332249946
-0,498855975158775
-0,59353074238384
-0,504777328038122
-0,138250192036348
-0,580701372074949
-0,723271414300759
-0,806802394938167
0,0107893043968508
0,0516882479923908
-0,274155424597257
-1,11049154314501
-1,40056423008598
-2,99423154773343
-1,26386833214682
-1,23199484067738
-2,68437570366897
-2,09312610786598
-1,75152366727475
-3,5067795623985
-0,289200797700571
0,599523157955484
-0,310767851687725
-2,45328497297008
-0,922389056918313
-2,31160533522866
-3,66329990973545
-1,28797655699395
-0,688786772815252
-2,68055494416426
-2,46424607355372
-1,8194504104405
-1,80363809715067
-1,21531920987129
-0,19263504438029
-2,03772743081934
-0,335568378297604
-1,53238703662478
-3,95324546847718
-2,93392743813797
-2,48881768311142
-2,12894383080433
-0,859158258242255
-2,84975267873145
-1,9458155415573
-2,33938682466542
-0,813297398708653
-1,06505890633037
-2,35092988034008
4,18618038883
1,21526838407559
0,00730206266039477
-1,21677434433375
-0,613194235114361
1,82821302967949
1,37511842455411
-2,15470393966754
-1,16656918978652
-2,12950221114348
-0,685929910808875
4,08047913100113
1,241441287981
3,50338389733343
-0,254139976355677
-3,45308695380081
3,38782489500728
-0,703425555722403
-0,222280947943262
0,988975376334598
-4,97762685047986
-1,08005166261575
-1,3796219037919
4,55370537372303
-1,95182151959252
-2,72853447720519
1,07408277234155
-0,63385237390926
-0,263054395852209
-1,88270192233012
-1,34730233781019
-2,63362776232186
3,95205227233638
-5,09352543924781
1,20037258886514
-1,45235101862007
2,72405349518165
1,93130718264944
-1,0850442786401
2,42102848093541
4,3810953067151
-2,78395679781655
-2,36684435744262
-0,947046425222769
3,05168575961485
-6,78026110064469
-2,36002520762591
2,65177567053312
-2,77652488729468
0,382826754548537
-4,52421329139437
-3,08922018556131
1,49837253848333
3,78815401701009
2,22971305173448
3,86726452098249
1,00911363661553
-0,794097467079863
-2,77169780620446
0,59015485591271
2,41804601106784
2,57598169857564
-4,74209711879578
-6,35057836102486
-3,61592290686714
0,0864633616096383
-4,88302150992395
0,419967100568035
0,756352702425696
-0,807408053944537
-0,727641355356643
-0,263716698992154
0,658958849201709
-0,437306194343772
0,176934457237918
0,460049941835954
-0,669614507712504
-0,113222490208701
-0,79211644651176
-0,702653659388413
-0,996550973178237
0,653938960096413
-0,682948521754285
0,243353482112062
0,610799950477298
0,442623120989699
0,575187442328213
-1,0191884280372
-0,693885796003421
0,244716980170116
-0,15581789806227
-1,12177750165077
0,393352709008448
-0,922444232051894
-0,22420119983583
0,341306116963468
-0,948191954140563
-0,245401328757627
0,280852870366286
-0,618265722562387
-0,961996011774819
-0,293494698883765
-0,28780861361254
-0,918025879933759
-0,559473876989448
-2,01046534408356
-0,425816569837277
0,586960580579733
-1,90643756695517
-1,59055627591637
-1,65495416201737
-1,65179669878955
-1,57860470800412
-0,249936118137975
-2,16701973624416
-1,93904012329211
3,13838739898457
-0,429309056991343
1,45264982548614
-1,81323961686801
1,67658070158291
-2,9427336898243
2,28521577202681
-1,46926770560992
-0,0341190309558142
-2,16290796899167
-0,792294236724084
0,186414627975457
3,36838219634989
-0,541468011551963
4,36103901821008
0,83281591776692
1,78094080550579
-0,635051813212869
-1,45428223389376
2,08388721055284
1,57660051528914
2,04659669833521
-2,89885237999676
-0,0726451340455034
-0,841925814516444
-7,72578109043982
0,900873651513764
-0,0469896259747242
-1,55295362851932
-1,98577553676636
0,687688590461545
-0,0963814017114963
-5,76235150371763
-1,25895574278814
0,602418476513825
-0,444573572475033
1,56026779472124
0,0451971998486534
-4,26162236792207
-1,40548452955631
-0,118358701640435
0,384173964839274
-0,0646730030564861
2,29158259775369
0,114944821665611
-0,493178013703178
1,02591541921035
-1,76053579930879
-1,65967232685465
-0,526179442381181
-2,34367599171942
-0,566098346158333
0,320821715251697
-0,110709126752882
0,590671130303287
-2,42960475486031
-2,29951450479611
-1,9169279894254
6,83492440094452
1,93345876307722
-2,05376658132986
4,4832251071561
2,82869929189936
-2,28926216562939
-2,42202799274503
-1,65042721562847
4,24670873932242
-2,33186252947911
4,54405850017877
-4,2823562951141
-2,71268722161219
-2,37406648082637
-2,2466496230695
1,8811256898809
3,16125541003079
3,42103053202521
-3,60004972642674
-3,81333615538582
-3,0173375887741
-2,85602790089189
-3,24156257930201
-3,03312899996663
-1,0134110322895
-5,261299233832
2,59322779221757
-5,98721687881833
3,73518050028725
-2,44963594900046
2,09195222636919
3,81274286600495
2,77883871193676
-3,53202589564366
-0,891993237923606
-4,05875485248089
-0,735741548079137
-1,94541730503517
-3,02343057417381
2,49584271923094
4,89300740927601
-3,21032995897118
4,70021963194265
-4,00830654907696
1,49318050545542
2,82254025804285
-4,16711998693968
-2,60963147185502
-4,86458172208697
-3,70415932362726
-2,28986113858245
1,62995609444022
2,60118103443554
2,21865562481052
2,12721267831213
-1,54562701709042
0,444698633643466
-4,32181625060923
-3,43641075064931
1,22945460794543
5,46988861137006
-4,35060801419201
-3,77184776542948
2,36387316794331
-2,43712372332375
-4,24073520570673
2,64053340950922
3,90668824174195
-0,181347246052309
-0,801566619824476
-0,256564137142093
0,154721903965684
-0,194751595961253
-0,0438896924227524
-0,588124731921594
-0,547643778524348
-1,08023448447792
0,485158321289866
0,406328065366431
0,626841249799267
0,793060917800888
0,343562393977719
-0,1443570843118
-0,704845637391137
0,612891513756238
0,828298492903554
0,724166214224211
0,815764168523519
0,492157867456869
-0,258897596506661
0,756614152962648
0,778967807618827
0,0749399154217522
0,824698754970257
0,46133138593401
0,35294876273976
-0,156965965768942
-0,00960268232653064
-0,998635992432233
0,14056291904031
-0,45574565386717
0,168984521056523
-0,648951885196455
-5,08777369623929
0,660707136229121
3,03056437838281
-2,61394792987504
0,579229674883035
2,38160916823329
-4,79993997781281
2,15211451285351
1,92441495587018
-2,24238857064732
-3,91641865957093
-2,84225255631644
1,20245453993295
1,16543379495499
0,77206940978326
1,03594946686794
2,33141093574021
-3,37745132528836
-3,80416841354137
2,19235437245105
-4,47533064862897
-5,80013597958537
2,27779070060046
3,38177488989166
-6,28794623969997
0,697209505706854
-3,61014561957692
2,86332526171867
-1,22971012942074
1,66135075079936
1,1259545321381
2,84445583196385
1,61909156411209
-3,40882852543212
1,3528147236005
-0,594719444521762
-0,864295540515858
-0,79077234772411
-0,345725695922989
0,0971248590471056
0,158038400423788
0,230184130534823
0,0906826998381015
0,497531261540686
0,0695596920858267
0,31384967807765
0,203182323755993
-1,07804378637531
-0,177038744209748
0,334500194261937
-0,293510922890069
-0,325357509718311
0,0656781644835605
0,0558306067360918
-1,24469497489344
0,504253705335874
-0,408547877289611
-0,477828032380135
-1,04418706157442
0,0469229077982036
0,430732218502406
-0,811893200218636
0,49428703210397
-0,298718895203634
0,516180641042224
-0,573776712506379
0,233136954883402
-0,0817569940190119
-0,829518390407981
-0,0748947935952442
-3,27745192487231
-4,20059444664524
0,816971549836205
-0,101080530275194
-3,54592383288864
-4,48571609661775
-4,63494840362873
-4,76614089117922
3,19922802547917
-3,53644552249775
2,03838731690565
3,33635715581479
-2,58701499680255
2,27306822187776
-2,5166051705788
4,78800315835896
3,94903772933777
-1,683133261766
1,8608153215131
1,56920366320937
-3,9996590793854
3,17312909174402
-5,72266552998971
2,1389510998573
2,04542647611076
-4,48141206125392
0,880875708097007
4,23554636557796
1,2674773446803
3,78795367832337
-4,11615604902436
-3,32372502904717
2,37494482927826
1,24423676087834
0,999955340451894
-0,584602808732291
-0,411453738260675
-2,61192257803647
-0,900086318513194
-0,0537051207037165
-2,14555279098004
-0,694646881652264
-2,20127892967229
-2,39109703927604
0,304850813067722
0,0973624744774644
-0,316032107610778
-2,41573813430187
-1,10158628087947
-2,42417111370497
-3,45231059222092
-1,5778910495861
-1,22578938267675
-1,67437866819227
-2,47650978177451
-1,30626198156036
-2,18374047064007
-1,20548212999659
-1,05206215626331
-1,8329354900928
-0,579060023310257
-1,59647423027834
-3,78747057571747
-1,27394278864828
-2,2528156429778
-1,00394912258768
-0,556434745788862
-3,21776798421593
-2,69238487117295
-0,689446059459434
0,203858255394246
-1,56013685774959
-2,25412545737642
-1,50876682518464
-0,775459618385251
-2,28048015674109
-1,31532067260338
-2,00640492124703
-3,73667597551106
-0,786127957892842
-0,478711359606525
0,306157804542618
-1,81629732472916
-1,33360264265175
-2,0902776374516
-3,51588425970184
-1,17194736649598
-0,160713745313215
-1,80607705707047
-3,13257723364566
-2,00666180497768
-1,56819909941312
-2,31527917193676
-1,5708120358549
-1,92295313427773
-0,271239701581552
-1,98682993320407
-3,85979731783982
-1,84080401682836
-2,51595771729385
-1,76487369476451
-0,766969682285487
-2,79061493375
-2,07830731586522
-2,34473240425192
1,65822472591032
1,93876156392733
1,91228992013273
-2,95743549826732
1,64305404213225
0,891464099787558
2,10747056800249
2,62304194986057
-6,12489547307309
-4,10195627657383
-2,88914496878871
2,07128384173893
-4,3003918303293
-3,62755006840535
1,43265902482823
3,9626246058533
-4,43860697531936
1,18346785824817
2,53224939536455
1,54730942837647
-1,86307313145696
-4,15938059699566
-6,35711462075047
-3,22301800718162
2,43496069473183
-5,60162837114099
-3,75701059725667
1,7751070664792
-3,84103364674087
2,51485303282196
-1,42649399581321
3,64681712716562
1,68038377610252
1,88540596460659
-3,48210737866587
-1,23155927579768
-1,12704764193227
-3,06283478332663
-2,51287745503126
-1,24997013052741
-2,08760101551766
-1,37746954974151
-2,70653484686448
-2,57722564215549
0,398023335205185
-0,261385346307162
-0,499531684551799
-1,78820610199566
-0,546419235510496
-1,56975135314101
-2,94161277152727
-0,745664736399116
-0,752421702207505
-2,000605882767
-2,22249433553163
-1,25931533604062
-1,27773026043671
-1,80054105364973
-1,95881674581898
-1,89031314987451
-0,175891145828555
-1,27045051208782
-4,00447871781575
-2,57077777717624
-2,43683709171416
-1,51594938692345
0,158781476595807
-2,71232042795415
-2,62844330712743
-1,48113046324977
